Kingdom	Supergroup	Division	Class	Order	Family	Genus	Species
100	100	100	100	100	100	100	72
100	100	100	100	100	100	100	100
100	39	38	38	38	38	38	38
100	100	100	100	100	100	100	100
100	100	100	100	100	100	100	100
100	100	100	100	100	100	100	100
100	100	100	100	53	19	19	14
100	100	100	100	100	100	94	94
100	100	100	100	100	100	68	68
100	100	100	100	100	100	100	100
100	100	100	100	100	100	100	100
100	100	100	100	100	100	100	100
100	100	100	100	100	100	69	62
100	100	100	100	100	100	100	85
100	100	100	100	100	100	100	100
100	99	97	96	32	24	18	18
100	100	100	100	100	100	100	100
100	100	100	100	100	100	46	46
100	100	100	100	100	100	100	100
100	100	100	100	93	34	34	34
100	100	100	100	99	99	94	94
100	100	100	100	88	87	86	44
100	100	100	100	100	100	100	100
100	100	100	100	100	100	30	28
100	100	100	100	99	96	24	24
100	100	100	100	100	100	100	100
100	100	100	100	100	100	100	100
100	100	100	100	100	100	100	86
100	100	100	100	100	100	100	55
100	100	100	100	100	100	100	100
100	100	100	100	18	18	18	18
100	100	100	100	100	98	38	38
100	100	100	100	55	55	55	55
100	100	100	100	100	100	100	100
100	100	100	100	100	100	100	100
100	100	100	100	100	100	100	100
100	100	100	100	100	99	99	99
100	100	100	100	100	100	100	100
100	100	100	100	100	100	100	100
100	100	100	100	100	100	100	99
100	100	100	100	99	99	93	83
100	99	99	99	62	24	14	14
100	100	100	100	100	100	100	100
100	100	100	100	100	100	94	94
100	100	100	100	100	100	100	64
100	100	100	100	100	100	100	100
100	100	100	100	100	100	78	78
100	100	100	100	100	100	100	100
100	100	100	100	100	100	97	95
100	100	100	100	100	100	100	100
100	100	100	100	100	100	100	100
100	100	100	100	100	100	100	100
100	100	100	100	36	36	36	36
100	100	100	100	98	98	98	98
100	100	100	100	100	100	100	100
100	100	100	100	100	100	100	100
100	100	100	100	100	100	100	100
100	100	100	100	100	100	100	100
100	100	100	100	99	99	99	99
100	18	16	15	15	15	12	12
100	100	100	100	68	68	68	68
100	100	100	100	100	100	100	100
100	100	100	100	100	100	100	100
100	100	100	100	88	84	68	68
100	100	100	100	95	95	95	95
100	100	100	100	100	100	100	71
100	100	100	100	100	100	100	100
100	100	100	100	96	71	45	45
100	100	100	100	39	39	39	39
100	100	100	100	100	100	100	100
100	100	100	100	100	100	100	100
100	100	100	100	100	100	100	100
100	100	100	100	100	100	100	100
100	100	100	100	100	100	100	100
100	100	100	100	100	49	49	49
100	100	100	100	99	99	98	81
100	100	100	100	82	82	82	82
100	100	100	100	100	100	100	100
100	100	100	100	86	86	86	86
100	100	100	100	100	100	100	64
100	100	100	100	100	68	68	68
100	100	100	100	100	100	100	100
100	100	100	100	100	100	100	100
100	100	100	100	100	100	100	100
100	100	100	100	81	81	81	81
100	100	100	100	99	99	92	60
100	100	100	100	100	67	67	67
100	100	100	100	100	100	100	100
100	100	100	100	65	37	37	36
100	100	100	100	40	40	40	40
100	100	100	100	100	100	100	100
100	100	100	100	100	100	22	22
100	100	100	100	100	100	100	100
100	100	100	100	36	36	36	36
100	86	78	74	62	53	53	53
100	100	100	100	100	100	100	100
100	26	25	7	7	7	0	0
100	100	100	100	100	100	100	100
100	100	100	100	100	100	100	100
100	100	100	100	100	100	100	100
100	100	100	100	66	33	25	22
100	100	100	100	100	100	100	100
100	100	100	100	100	100	85	64
100	100	100	65	65	65	65	65
100	100	100	100	100	100	100	100
100	100	100	100	47	43	40	36
100	100	100	100	100	97	97	97
100	100	100	100	100	100	100	100
100	100	100	100	100	100	100	100
100	100	100	100	100	100	100	100
100	100	100	100	100	100	100	100
100	100	100	100	100	100	100	100
100	100	100	100	100	100	80	80
100	100	100	100	81	77	49	45
100	100	100	100	59	38	38	38
100	100	100	100	100	100	100	100
100	100	100	100	100	100	100	100
100	100	100	100	100	100	100	100
100	100	100	100	51	31	31	26
100	100	100	100	100	100	100	100
100	100	100	100	76	63	63	63
100	100	100	100	100	100	100	100
100	100	100	100	75	75	67	39
100	100	100	100	100	100	53	53
100	100	100	100	91	90	90	70
100	100	100	100	100	100	100	80
100	100	100	100	100	100	100	100
100	100	100	100	100	100	100	100
100	100	100	100	100	100	100	100
100	100	100	100	100	100	100	100
100	100	100	100	100	64	64	64
100	100	100	100	100	100	100	100
100	100	100	100	97	97	97	96
100	100	100	100	100	100	77	77
100	100	100	100	38	38	38	38
100	100	100	100	100	100	100	100
100	100	100	100	100	100	100	100
100	100	100	100	100	100	100	100
100	100	100	100	100	100	100	100
100	100	100	98	98	98	51	42
100	100	100	100	100	100	100	100
100	100	100	100	100	100	100	97
100	100	100	100	100	100	100	100
100	100	100	100	100	100	100	100
100	100	100	100	100	100	100	100
100	100	100	100	83	81	68	61
100	100	100	100	100	100	100	100
100	22	21	21	21	20	20	20
100	100	100	100	100	100	100	100
100	100	100	100	100	100	100	100
100	100	100	100	100	100	100	100
100	100	100	100	100	100	100	100
100	100	100	100	100	100	100	100
100	100	100	100	95	95	95	95
100	99	99	99	99	95	95	95
100	100	100	100	100	100	100	100
100	100	100	100	100	100	100	100
100	100	100	100	100	100	100	100
100	100	100	100	100	100	100	100
100	100	100	100	99	99	99	97
100	100	100	100	100	100	100	100
100	100	100	100	99	99	99	99
100	35	30	23	22	22	15	15
100	100	100	100	100	100	100	100
100	100	100	100	100	100	100	100
100	100	100	100	100	100	100	100
100	100	100	100	100	100	100	100
100	100	100	100	100	100	100	100
100	100	100	100	95	95	95	94
100	100	100	100	100	100	100	92
100	100	100	100	100	100	100	100
100	100	100	100	100	100	100	100
100	100	100	100	100	91	91	91
100	71	61	33	33	30	21	15
100	100	100	100	100	100	100	100
100	100	100	99	99	99	99	99
100	100	100	100	100	100	100	100
100	100	100	100	100	100	100	100
100	99	99	97	97	73	73	73
100	100	100	100	100	100	100	100
100	34	33	33	33	32	32	32
100	100	100	100	100	100	100	100
100	100	100	100	100	98	66	44
100	100	100	100	100	100	85	85
100	100	100	100	100	99	99	99
100	100	100	100	100	100	100	100
100	100	100	100	100	100	100	100
100	100	100	100	100	100	100	100
100	100	100	100	100	100	100	100
100	100	100	100	100	100	100	100
100	100	100	100	98	98	98	55
100	100	100	100	100	100	100	100
100	100	100	100	100	100	100	100
100	100	100	100	100	100	100	100
100	100	100	100	100	100	99	95
100	100	100	100	100	98	98	98
100	100	100	100	100	100	100	100
100	100	100	100	100	100	100	100
100	100	100	100	100	100	100	100
100	98	98	98	98	98	98	98
100	100	100	100	100	100	100	100
100	100	100	100	100	100	100	100
100	100	100	100	100	100	100	100
100	100	100	100	100	100	100	100
100	32	26	17	17	17	13	13
100	100	100	100	55	24	24	24
100	81	78	76	49	41	41	41
100	100	100	100	100	100	100	81
100	100	100	100	100	100	92	92
100	100	100	100	100	100	100	100
100	100	100	100	90	90	90	90
100	100	100	100	100	100	100	100
100	100	100	100	97	97	97	97
100	100	100	100	100	100	100	100
100	100	100	100	100	100	100	100
100	100	100	100	100	100	100	100
100	100	100	100	100	100	100	100
100	100	100	100	100	100	100	100
100	100	100	100	60	45	42	38
100	100	100	100	100	98	98	98
100	100	100	100	100	100	100	100
100	100	100	100	100	100	100	100
100	100	100	100	100	100	100	100
100	93	93	91	53	53	42	42
100	100	100	100	100	100	100	100
100	100	100	100	100	100	100	100
100	100	100	100	100	100	100	100
100	100	100	100	97	97	97	96
100	100	100	100	100	100	100	54
100	100	100	100	100	100	100	100
100	100	100	100	99	99	99	99
100	100	100	100	100	100	100	100
100	100	100	100	100	78	78	78
100	96	96	95	95	57	57	57
100	100	100	100	100	100	100	100
100	20	19	16	16	16	9	9
100	100	100	100	100	100	100	100
100	100	100	100	100	100	100	100
100	100	100	100	100	100	100	100
100	100	100	100	100	100	81	70
100	100	100	100	100	100	100	100
100	100	100	100	100	100	100	100
100	53	35	35	25	25	25	25
100	100	100	100	100	100	100	100
100	100	100	100	100	100	100	100
100	100	100	100	100	100	100	100
100	100	100	100	100	100	100	100
100	100	100	100	100	100	100	100
100	100	100	100	100	100	61	61
100	100	100	99	99	99	99	99
100	100	100	100	100	99	99	99
100	100	100	100	100	100	100	100
100	100	100	100	100	100	100	74
100	100	100	100	100	100	100	100
100	100	100	100	100	100	100	100
100	100	100	100	100	81	81	81
100	100	100	100	100	100	100	100
100	100	100	100	90	89	69	69
100	100	100	100	100	100	100	100
100	100	100	100	100	100	100	88
100	100	100	100	100	81	81	81
100	100	83	83	83	83	83	64
100	100	100	100	100	100	100	56
100	100	100	100	100	100	100	100
100	100	100	100	100	100	56	52
100	3	0	0	0	0	0	0
100	100	100	100	100	100	100	100
100	100	100	100	100	100	100	100
100	100	100	100	100	100	100	100
100	100	100	100	100	100	100	100
100	100	100	100	100	100	100	100
100	100	100	100	51	51	51	51
100	100	100	100	100	100	100	100
100	100	100	100	100	100	47	47
100	100	100	100	100	100	100	100
100	100	100	100	100	100	100	100
100	100	100	100	100	100	100	100
100	100	100	100	100	100	100	97
100	100	100	100	49	49	47	40
100	100	100	100	100	100	100	69
100	100	100	100	100	98	97	97
100	96	92	92	41	26	14	14
100	83	83	81	81	55	55	55
100	12	7	4	4	3	2	2
100	100	100	100	100	100	100	100
100	100	100	100	100	100	100	100
100	100	100	100	100	100	100	100
100	45	41	40	40	40	40	40
100	100	100	100	100	100	100	100
100	100	100	100	100	100	100	100
100	100	100	100	99	99	98	96
100	100	100	100	100	100	100	100
100	100	100	100	100	100	100	100
100	100	100	100	100	100	100	100
100	100	100	100	100	100	100	100
100	100	100	100	100	100	100	100
100	100	100	100	100	100	100	100
100	100	100	100	100	56	45	45
100	100	100	100	100	100	100	89
100	100	100	100	100	100	100	100
100	100	100	100	100	100	61	60
100	100	100	100	100	100	100	100
100	100	100	100	100	100	100	100
100	100	100	100	100	100	100	89
100	100	100	100	100	100	100	100
100	100	100	100	100	100	100	100
100	100	100	100	100	100	100	100
100	100	100	100	100	100	100	100
100	100	100	100	100	100	100	100
100	100	100	100	100	100	100	100
100	100	100	100	100	100	100	100
100	100	100	100	100	100	100	100
100	100	100	100	100	100	99	99
100	99	98	98	98	95	95	95
100	100	100	100	90	90	90	90
100	100	100	100	100	100	100	100
100	100	100	100	100	100	100	100
100	47	47	47	35	35	34	34
100	100	100	100	100	100	100	100
100	100	100	100	99	99	98	98
100	40	29	17	17	17	14	14
100	100	100	100	100	100	100	100
100	100	100	100	100	100	100	100
100	100	100	100	100	100	100	100
100	100	100	100	100	100	100	100
100	100	100	100	100	100	100	100
100	87	87	86	86	29	29	29
100	100	100	100	100	100	100	100
100	100	100	100	100	100	100	100
100	100	100	100	100	96	96	96
100	100	100	100	100	100	100	100
100	100	100	100	100	100	100	100
100	100	100	100	100	100	100	100
100	100	100	100	100	100	100	100
100	100	100	100	100	100	100	100
100	20	16	8	8	8	3	3
100	100	100	100	100	100	100	100
100	100	100	100	100	100	90	90
100	100	100	100	100	100	100	100
100	100	100	100	100	100	100	100
100	100	100	100	100	99	99	99
100	100	100	100	100	83	38	38
100	100	100	100	100	100	100	100
100	100	100	100	100	100	100	100
100	100	100	100	100	100	100	100
100	100	100	100	100	100	100	100
100	100	100	100	100	100	100	100
100	100	100	100	100	100	98	98
100	100	100	100	100	100	100	100
100	99	99	96	95	95	95	95
100	22	21	17	13	13	13	13
100	99	99	98	98	98	98	98
100	100	100	100	100	100	100	100
100	100	100	100	100	100	100	100
100	100	100	100	100	100	100	100
100	100	100	100	100	100	100	100
100	100	100	100	100	100	100	100
100	100	100	100	99	93	93	93
100	100	100	100	100	100	47	36
100	100	100	100	100	100	100	100
100	40	40	40	40	39	39	39
100	100	100	100	100	98	98	98
100	100	100	100	100	95	95	95
100	100	100	99	99	99	99	99
100	100	100	100	100	100	100	100
100	100	100	100	100	100	100	99
100	100	100	100	48	48	48	48
100	100	100	100	100	100	100	100
100	100	100	100	100	100	100	100
100	100	100	100	100	100	100	100
100	100	100	100	99	99	99	99
100	100	100	100	100	100	100	100
100	100	100	100	100	100	100	100
100	100	100	100	100	100	100	100
100	100	100	100	100	45	45	45
100	100	100	100	100	100	98	98
100	82	79	48	47	19	19	19
100	100	100	100	100	100	100	100
100	100	100	100	100	100	100	100
100	100	100	100	100	100	96	95
100	100	100	100	100	89	89	89
100	100	100	100	100	100	100	100
100	100	100	100	100	100	100	100
100	100	100	100	100	59	54	54
100	100	100	100	100	100	100	89
100	100	100	100	100	100	96	96
100	100	100	100	29	23	23	23
100	100	100	100	100	100	100	100
100	100	100	100	96	95	93	80
100	99	99	99	99	95	95	95
100	100	100	100	100	100	100	100
100	100	100	100	100	100	100	100
100	100	100	100	100	100	100	100
100	100	100	100	47	29	29	27
100	100	100	100	100	100	100	100
100	100	100	100	100	100	98	98
100	84	82	82	82	79	79	79
100	100	100	100	98	98	98	97
100	100	100	100	100	100	100	100
100	29	29	29	29	29	29	29
100	100	100	100	100	100	100	100
100	100	100	100	100	100	100	100
100	100	100	100	100	100	100	100
100	100	100	100	100	100	100	100
100	100	100	100	100	80	80	80
100	100	100	100	100	100	100	100
100	100	100	100	100	100	100	100
100	100	100	100	100	100	100	100
100	100	100	100	100	100	100	100
100	100	100	100	100	100	100	100
100	100	100	100	100	50	50	50
100	100	100	100	100	100	60	60
100	100	100	100	100	100	100	100
100	100	100	100	79	79	79	79
100	100	100	100	100	100	100	99
100	100	100	100	100	100	100	100
100	100	100	100	100	100	100	100
100	100	100	100	100	100	100	100
100	100	100	100	79	47	23	23
100	99	99	98	98	98	48	48
100	100	100	100	100	100	95	95
100	71	68	28	20	19	19	19
100	100	100	100	100	100	100	100
100	100	100	100	100	100	100	100
100	100	100	100	100	100	100	100
100	38	35	35	35	34	34	34
100	100	100	100	100	100	100	30
100	100	100	100	100	84	45	45
100	100	100	100	100	100	100	100
100	100	100	100	100	100	100	100
100	100	100	100	100	100	100	100
100	100	100	100	100	99	98	90
100	100	100	100	100	100	100	100
100	100	100	100	100	100	100	100
100	100	100	100	100	100	100	100
100	100	100	100	89	76	76	76
100	100	100	100	100	100	100	100
100	100	100	100	86	86	86	86
100	100	100	100	100	100	100	100
100	100	100	100	100	100	100	100
100	26	19	14	14	14	9	9
100	99	94	36	36	36	35	30
100	100	100	100	100	97	97	97
100	100	100	100	100	100	100	100
100	88	88	88	88	88	55	55
100	100	100	100	98	98	98	98
100	100	100	100	100	100	100	100
100	100	100	100	100	100	100	100
100	100	100	100	100	100	100	57
100	100	100	100	100	100	100	100
100	100	100	100	100	100	99	98
100	100	100	100	100	97	97	97
100	100	100	100	100	100	100	100
100	100	100	100	100	99	99	99
100	100	100	100	35	15	13	13
100	100	100	100	100	100	100	100
100	100	100	100	100	100	100	100
100	100	100	100	100	100	100	100
100	100	100	100	100	100	100	100
100	100	100	100	97	96	96	82
100	100	100	100	100	100	100	100
100	91	54	54	23	10	0	0
100	100	100	100	100	100	100	100
100	100	100	100	100	99	74	74
100	100	100	100	100	100	100	100
100	100	100	100	100	100	100	100
100	100	100	100	100	98	98	98
100	84	81	70	69	66	66	66
100	100	100	100	100	100	100	70
100	100	100	100	55	55	55	55
100	100	100	100	100	100	100	100
100	100	100	100	100	100	100	100
100	100	100	100	100	100	29	29
100	99	99	99	99	99	99	99
100	100	100	100	100	100	100	100
100	100	100	100	100	99	99	99
100	100	100	100	67	52	35	35
100	100	100	100	100	100	100	100
100	100	100	100	100	100	100	100
100	100	100	100	100	100	100	100
100	100	100	100	100	100	76	76
100	100	100	100	100	100	100	100
100	100	100	100	97	95	95	91
100	100	100	100	100	95	91	91
100	100	100	100	100	100	100	100
100	100	100	100	100	100	91	91
100	28	26	26	26	26	26	26
100	100	100	100	100	100	100	74
100	10	6	6	6	4	4	4
100	100	100	100	100	100	93	93
100	100	100	100	44	17	17	17
100	100	100	100	100	95	95	95
100	100	100	100	100	100	100	100
100	100	100	100	100	100	100	100
100	100	100	100	100	100	100	100
100	100	100	100	100	100	100	100
100	100	100	100	100	100	100	100
100	100	100	100	100	100	100	100
100	100	100	100	100	100	100	100
100	99	99	99	32	29	24	21
100	100	100	100	100	100	100	100
100	100	100	100	100	100	100	90
100	100	100	100	100	100	100	100
100	100	100	100	34	16	11	11
100	100	100	100	100	100	100	100
100	100	100	100	100	100	100	100
100	100	100	100	100	100	100	95
100	100	100	100	100	100	100	100
100	33	33	33	33	33	33	33
100	100	100	100	100	100	100	100
100	100	100	100	100	100	100	100
100	100	100	100	100	100	100	100
100	100	100	100	15	15	15	15
100	100	100	100	99	99	99	99
100	100	100	100	72	33	9	9
100	100	100	100	100	100	100	100
100	100	100	100	100	100	100	100
100	100	100	100	29	29	29	29
100	100	100	100	100	100	100	100
100	95	95	95	95	92	92	92
100	100	100	100	59	56	45	40
100	100	100	100	34	34	34	34
100	100	100	100	100	100	82	82
100	100	100	100	100	100	100	100
100	100	100	100	100	100	100	100
100	100	100	100	100	71	7	7
100	100	100	100	100	100	40	40
100	100	100	100	100	100	100	100
100	100	100	100	100	100	100	91
100	100	100	100	100	100	100	100
100	98	84	82	68	68	68	68
100	100	100	100	100	100	93	53
100	100	100	100	100	100	100	100
100	100	100	100	100	100	100	100
100	100	100	100	36	36	36	36
100	100	100	100	100	100	100	93
100	100	100	100	100	100	100	100
100	100	100	100	100	71	71	71
100	100	100	100	100	100	100	100
100	100	100	100	100	98	98	98
100	100	100	100	100	100	100	100
100	100	100	100	100	100	100	100
100	100	100	100	98	98	98	98
100	57	26	18	18	7	3	3
100	100	100	100	100	100	100	100
100	100	100	100	100	100	100	100
100	100	100	100	100	100	100	100
100	100	100	100	87	86	49	49
100	100	100	98	98	53	53	53
100	100	100	100	92	53	31	31
100	100	100	100	100	100	100	100
100	100	100	100	30	30	30	30
100	100	100	100	20	20	20	20
100	100	100	100	100	100	91	91
100	100	100	100	100	100	100	100
100	100	100	99	99	99	98	78
100	100	100	100	95	94	85	21
100	100	100	100	66	66	66	66
100	100	100	100	100	100	100	100
100	100	100	100	100	100	75	75
100	98	98	98	98	80	80	80
100	59	23	15	12	7	6	6
100	100	100	100	100	100	100	100
100	100	100	100	100	100	100	100
100	100	100	100	100	100	100	100
100	100	100	100	100	100	100	100
100	100	100	100	97	97	94	79
100	100	100	100	100	100	100	100
100	100	100	100	100	100	100	100
100	100	100	100	100	100	65	65
100	44	39	38	38	38	38	38
100	93	92	33	23	16	6	6
100	60	55	53	10	10	5	5
100	34	28	24	19	19	19	19
100	100	100	100	64	64	50	50
100	100	100	100	89	87	59	44
100	100	100	100	100	100	100	100
100	52	29	16	16	16	2	2
100	100	100	100	100	100	81	81
100	100	100	100	92	92	92	92
100	99	99	99	99	99	80	80
100	100	100	100	100	100	100	100
100	91	90	87	49	49	33	33
100	100	100	100	100	100	87	87
100	100	100	100	100	100	94	94
100	100	100	100	100	100	100	100
100	100	100	100	100	88	75	75
100	100	100	100	100	100	100	100
100	100	100	100	100	100	100	100
100	100	100	100	100	100	100	100
100	100	100	100	100	100	100	100
100	100	100	100	100	100	100	100
100	100	100	100	100	100	100	98
100	100	100	100	38	38	38	38
100	100	100	100	100	100	100	100
100	16	14	12	9	9	9	6
100	100	100	100	100	100	100	100
100	100	100	100	100	100	100	100
100	100	100	100	99	99	99	99
100	97	97	90	90	87	87	87
100	100	100	100	100	100	100	100
100	100	100	100	100	100	100	100
100	100	100	100	100	100	73	73
100	100	100	100	100	100	100	100
100	100	100	100	38	33	22	20
100	100	100	100	100	97	96	96
100	99	75	73	73	51	13	11
100	100	100	100	100	99	34	17
100	38	38	38	38	38	38	38
100	58	57	57	31	18	18	18
100	100	100	100	100	100	100	100
100	100	100	100	99	99	99	99
100	100	100	100	100	94	94	94
100	100	100	98	98	98	98	98
100	100	100	100	100	100	100	100
100	100	100	100	100	100	100	100
100	100	100	100	100	100	100	100
100	100	100	100	100	100	100	100
100	100	100	100	100	100	100	100
100	100	100	100	100	100	100	100
100	72	64	37	28	27	8	8
100	100	100	100	100	97	78	78
100	100	100	100	100	100	100	100
100	100	100	100	73	55	48	25
100	100	100	100	100	100	100	100
100	100	100	100	94	94	94	94
100	100	100	100	100	100	100	100
100	100	100	100	100	100	100	100
100	71	44	6	6	4	3	3
100	100	100	100	97	97	97	97
100	100	100	100	100	100	100	100
100	100	100	100	100	100	42	42
100	18	8	3	3	3	2	2
100	100	100	100	100	93	93	93
100	100	100	100	100	95	95	95
100	100	100	100	59	59	59	59
100	100	100	100	100	100	100	100
100	100	100	100	100	100	100	100
100	100	100	100	76	73	52	51
100	100	100	100	100	100	100	68
100	100	100	100	100	100	100	100
100	100	100	100	100	100	100	100
100	100	100	100	100	100	100	100
100	100	100	100	100	100	100	100
100	100	100	100	100	100	100	100
100	100	100	86	86	86	86	86
100	100	100	100	100	100	100	100
100	100	100	100	100	100	100	100
100	100	100	100	100	100	100	100
100	100	100	100	100	100	100	100
100	100	100	100	87	87	87	87
100	100	100	100	100	100	100	100
100	100	100	100	100	100	100	100
100	53	50	50	50	50	50	50
100	100	100	100	100	100	100	100
100	100	100	100	100	100	100	79
100	100	100	100	100	100	100	99
100	100	100	100	100	100	100	100
100	100	100	100	63	60	56	55
100	100	100	100	100	100	81	81
100	100	100	100	100	100	100	100
100	100	100	100	100	100	100	100
100	100	100	100	100	79	79	79
100	100	100	100	100	100	100	100
100	100	100	100	100	100	100	100
100	100	100	100	100	100	100	100
100	100	100	100	100	100	100	100
100	100	100	100	100	100	100	100
100	100	100	100	100	100	99	88
100	100	98	98	49	39	27	26
100	99	99	84	83	83	83	83
100	100	100	100	100	100	100	100
100	100	100	100	100	97	97	97
100	100	100	100	34	25	25	24
100	100	100	100	100	100	100	100
100	90	88	87	62	53	53	53
100	100	100	100	93	92	92	50
100	100	100	100	100	100	100	100
100	100	100	100	100	100	100	100
100	98	98	98	98	57	57	57
100	100	100	100	100	100	100	100
100	71	70	64	64	64	64	64
100	100	100	100	100	100	100	100
100	100	100	100	100	100	100	100
100	100	100	100	100	100	100	100
100	100	100	100	100	100	100	100
100	100	100	100	73	73	73	73
100	100	100	100	100	100	100	100
100	100	100	100	100	100	100	100
100	100	100	100	54	34	34	29
100	100	100	100	100	100	100	100
100	100	100	100	84	84	81	60
100	100	100	100	66	33	25	24
100	100	100	100	99	98	97	88
100	100	100	100	100	100	100	100
100	100	100	100	89	89	89	88
100	100	100	100	100	100	100	51
100	100	100	100	100	100	100	100
100	25	23	17	16	16	6	6
100	100	100	100	100	100	100	100
100	100	100	100	100	100	100	100
100	100	100	100	100	100	100	100
100	100	100	100	100	100	100	100
100	100	100	100	45	45	45	45
100	100	100	63	63	63	63	63
100	100	100	100	100	97	97	97
100	100	100	100	100	100	100	91
100	97	97	86	86	86	86	86
100	99	97	97	97	97	97	97
100	100	100	100	100	100	100	100
100	100	100	100	100	84	84	84
100	100	100	100	100	79	79	79
100	100	100	100	99	99	99	99
100	100	100	100	100	94	94	94
100	100	100	100	100	100	100	100
100	100	100	100	100	100	100	100
100	100	100	100	66	66	53	53
100	100	100	100	100	100	100	100
100	100	100	100	100	100	100	100
100	100	100	100	100	81	81	81
100	100	100	100	100	100	97	97
100	100	100	100	100	100	100	100
100	100	100	77	77	77	77	37
100	100	100	100	100	100	83	45
100	100	100	100	100	100	100	100
100	100	100	100	100	100	100	100
100	100	100	100	100	100	100	100
100	100	100	100	100	100	100	100
100	100	100	100	100	100	100	100
100	100	100	100	100	100	100	100
100	100	98	98	98	98	98	98
100	100	100	100	90	87	84	55
100	100	100	100	100	100	100	100
100	100	100	100	77	68	68	61
100	100	100	100	100	100	100	100
100	100	100	100	67	67	67	67
100	100	100	100	100	100	100	100
100	100	100	100	100	100	81	81
100	100	100	100	100	100	100	100
100	100	100	100	100	100	100	100
100	100	100	100	100	100	100	100
100	100	100	79	77	77	77	55
100	99	99	98	98	31	31	31
100	100	94	94	84	25	25	25
100	100	100	100	100	100	97	97
100	100	100	100	100	83	83	83
100	100	100	100	25	25	25	25
100	100	100	100	100	100	100	100
100	100	100	100	98	42	42	42
100	100	100	100	59	59	59	59
100	100	100	100	68	68	68	68
100	100	100	100	100	100	100	99
100	100	100	100	100	100	100	100
100	100	100	99	99	99	99	99
100	100	100	100	100	100	100	100
100	100	100	100	38	32	32	32
100	100	100	100	62	46	22	22
100	100	100	100	100	100	100	100
100	100	100	100	100	100	100	100
100	100	100	100	100	100	100	100
100	100	100	100	32	32	32	32
100	100	100	100	100	100	100	100
100	100	100	100	100	100	100	100
100	100	100	100	100	100	100	100
100	100	100	100	100	100	100	100
100	100	100	100	100	100	100	98
100	100	100	100	100	100	100	100
100	100	100	100	100	100	100	100
100	100	100	100	100	57	11	11
100	100	100	100	100	100	100	100
100	100	100	100	100	100	99	90
100	100	100	100	100	100	99	99
100	100	100	99	99	56	56	56
100	100	100	100	100	100	100	100
100	100	100	100	99	99	99	99
100	100	100	100	100	100	100	100
100	100	100	100	100	100	100	100
100	100	100	100	100	100	100	100
100	100	100	100	100	100	52	52
100	100	100	100	100	100	100	82
100	100	100	100	100	93	93	93
100	100	100	100	100	100	100	100
100	100	100	100	100	100	100	100
100	100	100	100	100	100	100	100
100	100	100	100	75	75	75	75
100	100	100	100	98	98	98	98
100	100	100	100	100	100	100	100
100	100	100	100	100	100	100	100
100	100	100	100	100	100	93	93
100	95	95	92	92	61	54	54
100	100	100	100	100	100	95	95
100	100	100	100	100	100	100	100
100	100	100	100	100	100	100	96
100	42	39	38	23	19	16	8
100	100	100	100	100	80	80	65
100	40	38	38	38	37	37	37
100	100	100	100	100	100	100	100
100	100	100	100	100	100	100	100
100	100	100	100	65	65	65	65
100	100	100	100	100	100	100	100
100	100	100	100	84	84	84	49
100	100	100	100	100	100	64	64
100	100	100	100	100	100	100	100
100	100	100	100	85	63	27	27
100	100	100	100	100	100	100	100
100	100	100	100	100	100	100	100
100	100	100	100	100	100	100	82
100	100	100	100	100	100	100	64
100	100	100	100	100	100	100	93
100	100	100	100	100	100	100	100
100	100	100	100	100	100	100	100
100	100	100	100	100	100	100	100
100	96	96	96	96	96	90	90
100	100	100	74	74	74	57	57
100	100	100	100	100	100	100	85
100	100	100	100	61	61	61	61
100	100	100	100	100	100	100	100
100	94	93	93	93	93	93	93
100	100	100	100	100	100	100	70
100	100	100	100	22	22	22	22
100	100	100	100	56	56	56	56
100	100	100	100	100	100	100	100
100	21	16	12	6	6	6	6
100	100	100	100	100	100	100	100
100	100	100	100	100	100	100	100
100	100	100	100	100	99	91	91
100	100	100	100	100	94	94	94
100	100	100	100	99	95	90	90
100	100	100	100	100	100	100	100
100	100	100	100	100	100	100	100
100	100	100	100	100	52	52	52
100	100	100	100	100	83	41	21
100	100	100	100	100	100	100	100
100	97	96	94	53	53	53	38
100	100	100	100	100	100	100	100
100	100	100	100	100	99	99	99
100	100	100	100	100	100	100	100
100	100	100	100	100	100	100	100
100	100	100	100	76	76	76	76
100	100	100	100	100	100	100	100
100	100	100	100	47	46	13	11
100	100	100	100	100	100	100	100
100	100	99	99	96	96	96	96
100	100	100	100	100	100	95	95
100	100	100	100	100	100	100	100
100	100	100	100	100	100	100	100
100	100	100	100	100	100	100	100
100	100	100	100	100	100	100	100
100	100	100	100	100	100	100	100
100	100	100	100	33	33	33	33
100	100	100	100	100	100	100	100
100	100	100	100	100	100	100	100
100	43	41	41	24	24	20	20
100	100	100	100	100	100	100	100
100	100	100	100	100	100	97	97
100	100	100	100	100	100	100	100
100	100	100	100	100	97	97	97
100	100	100	100	100	100	100	100
100	99	99	90	90	90	90	90
100	100	100	100	100	99	99	99
100	100	100	100	100	100	100	98
100	100	100	100	100	100	100	100
100	100	100	100	81	71	70	70
100	100	100	100	100	100	100	100
100	100	100	100	100	100	100	100
100	100	100	100	65	53	52	45
100	61	57	30	30	29	17	17
100	100	100	100	100	100	100	100
100	100	100	81	79	79	79	79
100	100	100	100	100	100	100	100
100	100	100	100	100	100	100	100
100	100	100	100	100	100	100	100
100	100	100	100	100	100	100	100
100	100	100	100	100	99	69	69
100	100	100	100	100	99	99	99
100	100	100	100	100	59	59	59
100	100	100	100	100	100	100	100
100	100	100	100	100	100	100	100
100	100	100	100	54	54	54	54
100	100	100	100	100	100	100	98
100	100	100	100	100	100	100	100
100	100	100	100	100	100	90	38
100	100	100	100	100	100	100	100
100	100	100	100	100	100	100	100
100	100	100	100	100	100	100	100
100	100	100	100	100	100	100	79
100	36	33	30	24	23	23	15
100	100	100	100	100	100	100	100
100	100	100	100	100	100	100	100
100	100	100	100	100	100	97	97
100	100	100	100	100	100	100	100
100	100	100	100	100	100	100	100
100	100	100	100	100	99	99	99
100	100	100	100	100	100	100	100
100	100	100	100	100	100	100	100
100	100	100	100	100	100	100	97
100	100	100	100	100	100	100	100
100	100	100	87	87	87	87	87
100	100	100	100	100	99	71	66
100	100	100	100	80	63	51	32
100	100	100	100	99	99	99	99
100	100	100	100	100	100	100	100
100	100	100	100	100	100	100	100
100	100	100	100	100	100	100	100
100	100	100	100	100	100	100	100
100	100	100	100	93	73	73	73
100	100	100	100	100	100	100	100
100	100	100	100	100	100	100	100
100	100	100	100	55	55	55	55
100	100	100	100	100	100	89	89
100	100	100	100	100	99	91	83
100	100	100	100	100	100	100	63
100	100	100	100	100	100	100	100
100	100	100	100	100	100	100	76
100	39	34	30	19	19	19	19
100	100	100	100	100	87	76	76
100	100	100	93	93	44	44	44
100	100	100	100	69	45	45	44
100	100	100	100	67	56	56	56
100	100	100	100	100	98	98	98
100	100	100	100	100	100	100	100
100	100	100	100	100	100	100	100
100	100	100	99	99	99	99	99
100	100	100	100	100	100	100	100
100	100	100	100	100	100	86	86
100	100	100	100	100	100	100	100
100	100	100	100	100	100	100	100
100	100	100	100	100	100	94	94
100	100	100	100	100	100	100	100
100	100	100	100	100	100	100	100
100	100	100	54	54	54	54	54
100	100	100	100	100	100	100	100
100	100	100	100	100	100	100	100
100	100	100	100	100	100	100	100
100	100	100	100	100	43	43	43
100	100	100	100	100	100	100	100
100	100	100	100	100	100	100	100
100	100	100	100	100	100	100	100
100	97	97	97	97	97	97	97
100	100	100	100	100	100	92	92
100	100	100	100	100	100	100	100
100	100	100	100	100	100	100	100
100	100	100	100	100	100	100	100
100	100	100	100	100	100	100	100
100	100	100	100	100	100	100	100
100	100	100	100	100	100	100	100
100	100	100	100	100	100	100	100
100	100	100	100	100	98	91	46
100	100	100	100	100	100	100	100
100	100	100	100	100	100	71	52
100	100	100	100	100	100	100	100
100	100	100	100	100	100	99	99
100	100	100	100	100	100	88	88
100	100	100	100	100	100	100	100
100	100	100	100	100	100	100	100
100	100	100	100	28	28	28	28
100	100	100	100	100	100	100	100
100	100	100	100	100	100	100	83
100	55	51	51	19	2	2	2
100	100	100	100	99	99	69	69
100	100	100	100	100	100	100	94
100	72	69	6	6	6	4	4
100	100	100	100	100	100	100	100
100	100	100	100	100	100	100	100
100	100	100	100	100	100	100	99
100	100	100	100	100	100	87	54
100	100	100	100	98	98	97	97
100	100	100	100	100	100	100	100
100	100	100	100	100	100	100	100
100	100	100	100	100	100	100	100
100	100	100	100	100	100	100	100
100	100	100	100	100	64	64	64
100	100	100	100	100	100	100	98
100	50	45	34	34	34	34	34
100	100	100	100	26	26	26	26
100	100	100	100	100	100	100	100
100	100	100	100	100	100	100	100
100	98	98	98	98	51	51	51
100	100	100	100	100	99	59	59
100	100	100	100	100	100	100	100
100	34	28	25	17	17	16	16
100	100	100	100	100	100	100	100
100	100	100	100	100	100	100	100
100	100	100	100	100	100	100	100
100	100	100	100	100	100	100	100
100	100	100	100	100	100	100	100
100	100	100	100	100	100	100	100
100	100	100	100	100	100	100	100
100	65	61	58	19	19	10	10
100	100	100	100	100	100	100	100
100	100	100	93	87	86	86	86
100	100	100	100	100	100	100	99
100	97	97	97	34	14	12	11
100	100	100	100	100	100	100	100
100	97	90	77	77	77	77	77
100	100	100	100	100	100	100	100
100	100	100	100	100	100	96	96
100	100	100	100	100	100	100	100
100	100	100	100	100	100	100	100
100	100	100	99	99	99	99	99
100	92	90	90	36	36	32	32
100	100	100	100	100	100	100	100
100	100	100	100	95	92	92	92
100	97	93	93	88	88	88	88
100	86	85	80	80	37	37	37
100	100	100	100	81	41	39	39
100	77	75	74	51	46	46	46
100	100	100	100	100	100	100	100
100	100	100	100	100	100	100	100
100	100	100	100	100	100	100	100
100	100	100	100	100	97	97	97
100	100	100	100	100	100	100	100
100	100	100	100	100	100	100	100
100	100	100	100	100	100	100	100
100	100	100	100	100	100	69	34
100	100	100	100	100	87	87	87
100	60	54	10	10	4	2	2
100	100	100	100	95	49	46	46
100	100	100	100	96	76	76	76
100	100	100	100	100	100	100	100
100	100	100	100	100	100	100	100
100	100	100	100	100	100	100	100
100	98	98	97	97	26	26	26
100	100	100	100	100	100	100	100
100	100	100	100	100	100	100	100
100	100	100	100	100	100	100	100
100	100	100	100	100	98	98	98
100	76	76	32	20	12	8	8
100	100	100	100	100	100	100	100
100	100	100	100	93	51	35	35
100	100	99	99	99	99	99	99
100	100	100	100	100	100	100	100
100	98	95	27	27	27	16	8
100	100	100	100	100	100	100	100
100	100	100	100	100	100	100	100
100	99	99	99	99	99	99	99
100	100	100	100	100	100	100	39
100	34	33	32	31	5	5	5
100	100	100	100	100	100	100	100
100	100	100	100	100	95	95	54
100	100	100	100	100	100	100	100
100	100	100	100	100	93	82	82
100	100	100	99	99	97	97	92
100	100	100	100	46	46	46	46
100	100	100	100	100	100	100	100
100	100	100	100	100	100	100	100
100	100	100	100	100	100	100	100
100	100	100	100	100	100	100	100
100	100	100	100	92	92	92	92
100	100	100	100	100	100	57	57
100	100	100	100	100	100	100	100
100	100	100	100	100	100	100	100
100	100	100	100	100	96	96	96
100	100	100	100	100	99	99	99
100	100	100	100	100	100	100	100
100	100	100	100	100	100	100	100
100	100	100	100	100	100	100	100
100	100	100	100	100	100	100	100
100	100	100	100	100	99	99	99
100	100	100	100	100	100	39	16
100	100	100	100	100	100	92	29
100	100	100	100	100	100	100	100
100	100	100	99	99	99	98	98
100	100	100	100	100	100	100	100
100	100	100	93	89	89	77	77
100	100	100	100	100	100	100	100
100	100	100	100	100	100	100	100
100	100	100	100	100	100	100	100
100	100	100	100	100	100	100	100
100	100	100	100	100	100	99	99
100	100	100	100	100	100	100	100
100	100	100	100	100	100	100	100
100	100	100	100	100	100	94	94
100	100	100	100	100	100	100	100
100	100	100	100	100	100	100	100
100	98	98	98	89	89	87	87
100	100	100	100	100	100	100	100
100	100	100	100	81	54	44	44
100	100	100	100	100	99	99	99
100	99	99	99	99	99	99	99
100	100	100	100	100	98	98	98
100	100	100	100	100	98	98	98
100	100	100	100	100	100	100	100
100	100	100	100	48	48	48	48
100	100	100	100	63	63	63	60
100	86	85	72	72	64	64	64
100	100	100	100	100	100	100	100
100	100	100	100	100	100	100	100
100	100	100	100	100	100	100	100
100	100	100	100	100	100	100	100
100	100	100	100	98	97	97	97
100	100	100	100	100	100	100	100
100	100	100	100	100	100	100	100
100	100	100	98	98	98	98	98
100	100	100	100	100	100	100	100
100	100	100	100	100	100	100	100
100	100	100	99	99	99	99	99
100	53	52	39	30	30	5	5
100	100	100	100	77	77	45	45
100	100	100	100	100	100	100	100
100	100	100	100	100	100	100	100
100	100	100	100	100	100	100	100
100	97	97	92	92	58	58	58
100	100	100	100	97	97	97	97
100	100	100	100	100	100	100	100
100	100	100	100	100	100	100	100
100	100	100	100	99	92	92	92
100	25	23	20	16	16	16	16
100	100	100	100	93	93	93	93
100	100	100	100	100	99	97	86
100	100	100	100	100	100	100	100
100	34	24	15	3	3	3	3
100	100	100	100	100	100	100	100
100	100	100	100	100	100	100	100
100	100	100	100	100	100	100	100
100	100	100	100	100	100	100	100
100	100	100	100	57	38	36	36
100	97	97	96	96	96	96	96
100	100	100	100	100	100	100	100
100	81	42	30	30	20	2	2
100	100	100	100	100	100	100	100
100	100	100	100	57	55	54	51
100	92	92	92	26	26	25	25
100	100	100	100	100	100	100	100
100	100	100	100	100	100	100	75
100	100	100	100	100	39	39	39
100	99	99	98	57	46	21	21
100	100	100	100	100	100	100	100
100	100	100	100	28	28	28	28
100	100	100	100	100	100	100	100
100	100	100	100	100	99	99	99
100	100	100	100	100	100	100	100
100	100	100	100	100	100	100	100
100	100	100	100	100	100	100	100
100	82	57	57	57	56	51	51
100	100	100	100	80	79	73	64
100	100	100	100	100	85	85	85
100	100	100	100	100	100	100	100
100	99	99	99	99	98	41	41
100	54	37	37	10	5	5	5
100	100	100	100	100	100	100	100
100	100	100	100	98	94	70	70
100	100	100	100	100	100	100	100
100	100	100	100	100	100	100	100
100	91	89	88	43	27	27	25
100	100	100	100	100	100	100	100
100	100	100	100	100	100	100	100
100	100	100	100	100	100	100	100
100	100	100	100	83	62	61	61
100	7	3	3	3	3	3	3
100	100	100	100	100	100	100	100
100	100	100	100	97	97	97	97
100	100	100	100	100	100	100	100
100	100	100	100	100	99	88	88
100	83	82	79	24	15	11	11
100	37	27	19	19	19	9	9
100	100	100	100	100	100	100	100
100	100	100	100	96	94	17	15
100	100	100	100	100	100	100	100
100	100	100	100	100	100	100	100
100	100	100	100	81	81	81	81
100	100	100	100	100	100	72	35
100	100	100	100	100	100	71	61
100	100	100	100	100	100	100	100
100	100	100	100	100	100	100	100
100	53	53	53	53	53	53	53
100	100	100	100	100	100	100	100
100	100	100	100	88	88	88	86
100	100	100	100	100	100	69	69
100	100	100	100	100	83	49	17
100	100	100	100	100	100	100	91
100	100	100	100	100	99	99	99
100	100	100	100	100	100	100	100
100	100	100	100	100	88	88	88
100	100	100	100	100	89	89	89
100	5	4	3	3	3	3	3
100	100	100	100	100	100	100	100
100	100	100	100	38	38	38	38
100	23	17	9	9	8	4	4
100	100	100	100	100	100	100	100
100	95	95	90	90	90	90	90
100	100	100	100	100	100	100	100
100	100	100	100	100	100	100	100
100	100	100	100	100	100	100	100
100	100	100	100	100	100	100	100
100	100	100	100	99	99	99	99
100	100	100	100	61	61	61	61
100	100	100	100	99	99	95	89
100	100	100	100	100	100	100	100
100	100	100	100	69	69	69	69
100	100	100	100	100	100	100	100
100	96	96	96	94	82	82	82
100	100	100	100	100	100	88	88
100	100	100	100	100	90	90	90
100	100	100	100	100	92	79	51
100	100	100	100	100	100	100	100
100	100	100	100	100	100	100	100
100	100	100	100	100	100	100	100
100	100	100	100	100	100	100	93
100	100	100	100	100	70	70	70
100	100	100	100	100	100	21	21
100	100	100	100	100	100	100	100
100	100	100	100	74	72	72	64
100	100	100	100	89	89	89	87
100	100	100	100	100	100	100	100
100	100	100	100	40	22	22	10
100	100	100	100	100	100	100	100
100	100	100	100	100	100	100	100
100	100	100	100	100	100	66	55
100	100	100	100	100	100	100	100
100	100	100	100	100	100	100	100
100	100	100	100	100	100	100	100
100	100	100	100	100	100	100	100
100	71	64	63	18	14	7	4
100	100	100	100	100	96	96	96
100	100	100	100	95	95	94	76
100	99	99	99	99	97	97	97
100	99	99	99	68	68	68	67
100	100	100	100	100	100	60	60
100	100	100	100	52	49	28	25
100	100	100	98	98	89	89	89
100	100	100	100	100	100	100	100
100	100	100	100	98	98	98	98
100	100	100	100	100	100	71	62
100	100	100	100	100	96	96	96
100	100	100	100	100	97	97	97
100	100	100	100	100	100	100	100
100	100	100	100	100	100	100	100
100	100	100	100	100	100	100	100
100	100	100	100	66	66	66	66
100	100	100	100	100	100	100	100
100	100	100	100	100	100	100	100
100	100	100	100	100	99	99	99
100	100	100	100	100	100	100	100
100	100	100	100	100	100	100	100
100	100	100	100	100	100	100	100
100	100	100	100	100	100	100	100
100	100	100	100	88	88	88	88
100	100	100	100	63	57	56	32
100	100	100	100	100	100	100	100
100	100	100	100	48	48	48	16
100	100	100	100	100	100	100	100
100	100	100	100	100	89	89	89
100	100	100	100	100	100	100	100
100	97	97	97	97	93	93	93
100	100	100	100	100	100	100	100
100	100	100	100	100	100	100	100
100	100	100	100	100	100	100	100
100	100	100	100	100	100	100	100
100	100	100	100	100	100	100	100
100	100	100	100	100	100	100	100
100	100	100	100	37	37	37	37
100	100	100	100	100	100	100	100
100	100	100	100	100	100	98	36
100	100	100	100	28	28	28	28
100	89	49	49	17	15	8	8
100	100	100	100	100	100	95	95
100	100	100	100	100	100	100	100
100	100	100	100	100	100	100	100
100	55	35	33	30	30	17	17
100	100	100	100	100	100	100	100
100	100	100	100	100	100	100	100
100	100	100	100	100	100	100	100
100	100	100	100	100	100	100	100
100	100	100	100	100	100	100	100
100	100	100	100	77	77	76	52
100	100	100	100	96	96	96	96
100	100	100	100	100	100	100	100
100	100	100	100	100	100	100	100
100	100	100	100	100	67	67	67
100	100	100	100	66	66	66	66
100	100	100	100	100	100	100	100
100	100	100	100	100	100	100	53
100	100	100	100	100	100	99	25
100	100	100	100	100	100	100	100
100	94	31	31	23	23	18	17
100	100	100	100	100	100	100	100
100	100	100	100	100	100	100	100
100	100	100	100	100	100	59	59
100	100	100	99	96	96	65	65
100	100	100	100	100	100	100	99
100	100	100	100	77	68	47	34
100	100	100	100	100	99	99	99
100	100	100	100	40	40	40	40
100	100	100	100	100	100	100	100
100	100	100	100	100	100	100	100
100	100	100	100	44	44	44	44
100	100	100	100	100	100	100	100
100	100	100	100	100	99	99	99
100	81	79	78	77	52	50	50
100	100	100	100	100	89	75	75
100	100	100	100	100	100	100	100
100	33	28	27	15	15	15	15
100	100	100	75	75	75	75	75
100	100	100	100	90	90	90	90
100	81	81	77	77	77	75	75
100	100	100	100	100	100	62	62
100	99	99	99	38	32	22	22
100	48	19	19	18	18	17	17
100	100	100	100	82	75	61	51
100	100	100	100	100	99	92	92
100	100	100	100	99	99	99	99
100	62	61	61	61	61	25	25
100	100	100	100	100	88	88	88
100	99	94	94	94	94	94	87
100	100	100	100	100	100	25	25
100	100	100	100	100	100	55	55
100	100	100	100	95	94	93	93
100	100	100	100	100	100	100	38
100	100	100	100	100	100	100	100
100	100	100	100	100	100	100	100
100	100	100	100	100	100	100	100
100	100	100	100	84	84	49	44
100	100	100	100	100	100	100	100
100	100	100	100	100	100	100	100
100	100	100	100	100	97	97	97
100	100	100	100	70	65	62	34
100	100	100	100	100	100	100	100
100	100	100	100	100	100	100	100
100	100	100	100	65	65	65	65
100	100	100	100	100	100	100	100
100	100	100	100	100	100	100	100
100	100	100	100	100	100	100	100
100	100	100	100	100	100	100	100
100	99	99	96	96	56	56	56
100	100	100	100	100	99	99	99
100	100	100	100	100	100	100	100
100	100	100	100	100	100	100	100
100	100	100	100	100	100	100	100
100	100	100	100	100	100	100	100
100	100	100	100	100	100	100	100
100	100	100	100	100	100	100	100
100	100	100	100	100	100	100	100
100	100	100	100	70	70	70	70
100	100	100	100	67	67	67	67
100	100	100	100	100	100	100	100
100	96	96	85	85	78	78	78
100	100	70	70	70	70	70	70
100	100	100	100	100	100	99	52
100	100	100	100	100	100	100	100
100	100	100	100	100	100	100	100
100	34	27	17	17	17	12	12
100	100	100	100	100	100	100	100
100	100	100	100	100	98	98	98
100	100	100	100	100	99	99	99
100	100	100	100	100	100	100	100
100	100	100	100	100	74	74	74
100	100	100	100	100	100	100	100
100	100	100	100	100	100	100	100
100	100	100	100	100	100	100	100
100	100	100	100	100	100	100	100
100	100	100	100	100	100	100	100
100	100	100	100	100	100	100	81
100	100	100	100	100	100	100	100
100	100	100	100	86	86	86	80
100	100	100	100	100	100	100	100
100	99	99	99	99	95	95	95
100	100	100	100	100	100	100	100
100	99	95	67	19	18	8	4
100	100	100	100	100	100	100	100
100	46	42	38	38	34	34	34
100	100	100	100	100	100	100	100
100	100	100	100	100	100	100	100
100	100	100	100	100	100	100	100
100	100	100	100	100	100	100	100
100	100	100	100	100	100	100	100
100	100	100	100	100	100	100	100
100	100	100	100	100	100	100	100
100	100	100	100	100	100	99	99
100	100	98	47	47	47	47	47
100	99	99	98	98	93	59	59
100	100	100	100	100	100	100	100
100	19	14	14	14	10	8	8
100	100	100	97	97	97	84	84
100	100	100	100	59	59	59	58
100	58	58	44	44	44	33	33
100	100	100	100	100	100	100	100
100	100	100	100	99	99	99	99
100	79	54	54	54	54	37	37
100	100	100	100	100	100	100	100
100	100	100	100	79	51	51	50
100	100	100	100	100	100	100	100
100	100	100	100	100	100	100	100
100	100	100	100	100	100	100	100
100	100	100	100	100	100	100	100
100	100	100	100	100	100	100	100
100	100	100	100	100	100	99	99
100	100	100	100	100	98	98	98
100	100	100	100	100	100	100	48
100	100	100	99	99	80	80	80
100	100	100	100	60	50	49	47
100	100	100	100	28	27	26	24
100	100	100	100	100	100	100	73
100	100	100	100	100	86	86	86
100	100	100	100	100	100	100	100
100	100	100	100	100	100	100	96
100	100	100	100	100	100	100	100
100	100	100	100	100	100	100	100
100	100	100	100	100	98	98	98
100	100	100	100	100	100	100	100
100	98	98	95	95	76	76	76
100	100	100	100	89	24	23	23
100	100	100	100	100	100	87	87
100	100	100	100	100	100	99	51
100	100	100	100	22	22	22	22
100	100	100	100	100	100	100	100
100	100	100	100	100	100	100	100
100	100	100	100	100	100	21	18
100	60	60	60	60	60	33	33
100	100	100	100	100	100	100	100
100	100	100	100	100	100	100	100
100	100	100	100	100	100	100	100
100	100	100	100	100	100	100	100
100	100	100	64	64	64	64	64
100	100	100	100	100	100	100	100
100	100	100	100	99	99	99	99
100	100	100	100	100	100	100	100
100	19	8	8	8	8	8	8
100	100	100	100	77	77	77	77
100	100	100	100	100	100	100	100
100	19	7	6	6	5	5	5
100	100	100	100	82	65	65	65
100	94	93	89	89	48	48	48
100	100	100	100	100	100	100	100
100	100	100	100	100	100	100	100
100	100	100	100	100	100	100	100
100	100	71	71	23	20	8	6
100	100	100	100	100	100	100	100
100	100	100	100	100	100	100	100
100	100	100	100	100	54	54	53
100	100	100	100	100	100	100	100
100	100	100	100	100	68	68	68
100	100	100	100	100	100	100	100
100	100	100	100	100	96	96	96
100	91	90	88	88	85	85	85
100	100	100	100	100	100	100	100
100	100	100	100	68	68	68	68
100	100	100	100	100	100	100	100
100	100	100	100	100	100	100	100
100	97	97	97	97	97	97	97
100	100	100	100	83	83	74	57
100	100	100	100	100	100	100	100
100	100	100	100	100	100	100	100
100	100	100	100	100	100	100	100
100	72	18	18	18	18	14	14
100	100	100	100	100	100	100	100
100	100	100	100	100	99	99	99
100	100	100	100	100	100	100	100
100	100	100	100	100	100	100	100
100	100	100	100	100	100	100	100
100	100	100	100	100	100	100	100
100	100	100	100	100	100	100	100
100	100	100	100	100	100	100	100
100	62	43	24	24	22	6	6
100	100	100	100	100	100	100	100
100	100	100	100	100	100	100	53
100	100	100	100	100	100	100	100
100	100	100	55	55	55	55	55
100	100	100	100	100	100	98	98
100	11	11	10	10	10	10	10
100	100	100	100	100	100	100	100
100	100	100	100	100	100	100	100
100	100	100	100	100	100	100	100
100	95	94	88	88	71	71	71
100	100	100	100	100	100	86	38
100	100	100	100	100	100	100	100
100	75	68	60	21	15	13	13
100	100	100	100	100	100	100	100
100	99	99	74	74	74	74	74
100	100	100	100	100	100	100	100
100	100	100	100	100	100	100	100
100	100	100	100	100	100	100	100
100	100	100	100	42	34	33	30
100	100	100	100	100	100	20	20
100	91	90	89	52	52	34	34
100	100	100	100	100	100	95	95
100	100	100	100	100	100	59	59
100	100	100	100	100	100	100	100
100	98	98	59	45	45	45	45
100	100	100	100	100	100	100	100
100	100	100	100	100	100	100	100
100	100	100	100	100	100	100	78
100	100	100	100	100	100	100	100
100	100	100	100	80	79	78	61
100	100	100	100	100	100	100	100
100	99	99	99	99	93	93	93
100	100	100	100	52	52	52	52
100	100	100	100	100	100	100	100
100	98	98	98	93	75	75	75
100	100	100	100	80	80	57	35
100	100	100	100	100	95	93	93
100	100	100	100	100	100	100	100
100	100	100	100	100	100	100	69
100	100	100	100	100	100	100	100
100	100	100	100	100	100	79	79
100	100	100	100	100	100	31	31
100	100	100	97	97	97	49	36
100	100	100	100	100	100	21	21
100	100	100	52	51	51	51	51
100	100	100	100	100	100	100	100
100	97	97	32	31	31	31	31
100	75	42	41	15	5	5	5
100	100	100	100	100	100	52	52
100	86	72	72	27	19	19	19
100	43	40	38	31	27	27	13
100	100	100	100	100	100	100	99
100	100	100	100	100	100	100	100
100	100	100	100	100	100	100	100
100	100	100	100	100	100	100	100
100	100	100	100	100	100	99	99
100	100	100	100	100	100	100	100
100	100	100	98	98	98	98	98
100	100	100	100	100	100	100	100
100	91	55	55	42	42	26	26
100	99	98	31	31	31	25	12
100	100	100	100	100	100	100	100
100	100	100	100	100	100	100	100
100	100	100	99	99	99	99	99
100	100	100	100	79	74	74	74
100	98	95	91	75	71	37	35
100	100	100	100	100	94	94	94
100	100	100	100	100	100	100	100
100	61	61	59	59	28	28	28
100	100	100	100	100	99	85	55
100	100	100	100	100	100	100	100
100	100	100	100	100	100	100	100
100	99	99	98	98	83	83	83
100	100	100	100	100	100	100	100
100	100	100	100	54	54	54	54
100	100	100	100	100	100	100	100
100	100	100	100	100	100	100	100
100	30	16	16	6	5	2	2
100	100	100	100	100	100	100	100
100	77	71	70	29	25	14	10
100	100	100	100	81	79	77	69
100	100	100	100	100	100	100	100
100	100	100	100	81	75	75	44
100	100	100	100	93	93	93	85
100	100	100	100	63	63	63	63
100	100	100	100	100	100	100	100
100	38	32	27	18	18	18	18
100	100	100	100	100	100	95	76
100	100	100	99	84	84	78	78
100	100	100	100	81	79	41	41
100	99	99	99	99	99	66	66
100	100	100	100	100	100	99	99
100	35	26	2	2	2	2	1
100	100	100	100	100	100	100	100
100	30	29	22	18	18	18	18
100	100	100	100	60	52	50	50
100	100	100	100	98	98	98	98
100	100	100	100	32	32	32	32
100	100	100	100	100	100	100	51
100	100	100	100	100	100	100	100
100	100	100	100	100	100	100	100
100	100	100	100	100	100	100	100
100	100	100	100	100	100	100	100
100	100	100	100	100	100	100	89
100	100	100	100	100	100	100	100
100	76	60	24	24	23	14	5
100	100	100	100	100	100	42	42
100	100	100	100	100	100	100	100
100	100	100	100	100	100	74	73
100	100	100	100	98	71	71	18
100	100	100	100	100	99	99	99
100	100	100	100	16	16	15	15
100	100	100	100	100	100	96	66
100	100	100	100	100	100	100	100
100	100	100	100	100	100	100	100
100	67	64	45	17	17	3	3
100	100	100	100	100	83	83	83
100	100	100	100	49	49	49	49
100	100	100	100	100	100	100	100
100	100	100	100	100	100	100	100
100	100	100	100	96	96	96	96
100	100	100	100	100	100	100	100
100	99	99	98	95	95	95	95
100	73	62	62	20	17	9	9
100	100	100	100	100	100	100	98
100	86	84	67	67	43	41	41
100	100	100	100	100	100	63	58
100	100	99	99	99	99	99	99
100	100	100	100	100	100	100	100
100	100	100	100	12	12	12	12
100	100	99	99	99	99	99	99
100	100	100	100	100	100	100	100
100	100	100	100	100	100	100	100
100	67	66	66	66	65	65	65
100	100	100	100	100	100	97	89
100	100	100	100	100	93	93	93
100	100	100	100	100	94	94	94
100	100	100	100	100	100	100	100
100	100	100	100	99	99	99	99
100	100	100	100	100	100	97	82
100	100	100	100	100	100	98	27
100	100	100	100	100	100	100	100
100	91	91	88	88	65	65	65
100	96	96	96	96	96	96	96
100	100	100	100	100	100	100	100
100	100	100	100	100	100	100	70
100	100	100	100	66	66	66	66
100	100	100	100	91	91	91	88
100	100	100	100	100	100	91	91
100	56	56	50	50	32	32	32
100	100	100	100	100	100	100	100
100	100	100	100	100	100	100	45
100	100	100	100	100	100	100	100
100	100	100	100	100	100	100	100
100	100	100	100	100	100	100	100
100	100	100	100	100	100	100	100
100	100	100	100	100	100	90	90
100	100	100	100	100	100	100	100
100	100	100	94	94	94	54	33
100	100	100	100	100	100	100	100
100	100	100	100	100	98	98	98
100	100	100	100	100	100	100	100
100	100	100	100	100	100	100	100
100	100	100	100	100	100	73	73
100	100	100	100	99	93	93	93
100	100	100	100	96	82	54	53
100	100	100	100	100	100	100	100
100	99	80	80	80	80	80	80
100	100	100	100	35	35	35	35
100	100	100	94	94	94	60	60
100	100	100	100	100	100	93	74
100	100	100	100	100	97	97	97
100	100	100	100	100	100	100	100
100	100	100	100	100	100	91	91
100	97	96	96	39	29	19	19
100	100	100	100	100	77	77	77
100	100	100	100	100	100	99	99
100	100	100	100	100	100	98	98
100	100	100	100	100	98	98	98
100	100	100	100	100	100	100	100
100	100	98	98	98	98	98	98
100	100	100	100	68	68	68	68
100	100	100	100	100	100	100	100
100	100	100	100	100	100	91	91
100	100	100	100	49	49	49	49
100	100	100	100	100	99	99	99
100	100	100	100	65	65	65	62
100	62	50	34	17	17	3	3
100	100	100	100	99	95	95	95
100	98	98	92	92	57	57	57
100	100	100	100	48	48	48	26
100	100	100	100	100	100	100	100
100	100	100	100	100	100	100	100
100	100	100	100	100	100	100	100
100	100	100	64	64	64	64	64
100	100	100	100	100	93	93	93
100	100	100	99	84	77	77	77
100	100	100	100	100	100	100	100
100	100	100	100	99	99	99	99
100	100	100	100	100	100	74	64
100	89	89	84	84	72	72	72
100	100	100	100	100	100	100	100
100	100	100	100	100	100	100	100
100	100	100	100	100	100	100	100
100	100	100	100	100	100	100	100
100	100	100	100	100	96	96	96
100	100	100	100	100	100	100	100
100	100	100	100	100	100	100	100
100	28	20	11	11	7	7	7
100	100	100	100	46	45	45	45
100	100	100	100	100	100	100	100
100	100	100	100	100	100	100	100
100	100	100	100	100	100	100	100
100	92	20	11	11	11	11	7
100	100	100	100	100	100	100	100
100	100	100	100	100	100	100	100
100	100	100	100	100	95	95	95
100	100	100	100	100	100	100	100
100	100	100	100	98	98	56	32
100	100	100	100	100	100	100	100
100	100	100	100	100	100	100	100
100	100	100	100	100	100	100	100
100	100	100	100	52	48	48	33
100	100	100	100	100	100	100	100
100	100	100	100	45	45	44	30
100	100	100	100	100	100	100	100
100	100	100	100	100	100	100	100
100	100	100	100	100	100	100	100
100	98	97	97	94	94	94	94
100	100	100	100	100	100	100	100
100	100	100	100	100	100	80	80
100	100	100	100	100	100	100	100
100	100	100	100	100	97	97	97
100	100	99	99	39	39	39	39
100	100	100	100	100	100	100	100
100	100	100	100	100	100	99	99
100	100	100	100	7	7	7	7
100	26	22	18	15	15	13	13
100	100	100	100	100	100	100	100
100	100	100	100	100	100	100	100
100	100	100	100	100	100	100	100
100	100	100	100	100	100	100	100
100	19	15	15	7	3	3	1
100	100	100	100	100	100	100	100
100	100	100	100	99	99	99	99
100	99	99	93	93	89	89	89
100	100	100	100	100	100	100	100
100	100	100	100	87	87	87	87
100	96	92	92	41	28	28	14
100	100	100	100	100	100	41	41
100	100	100	100	100	98	98	98
100	100	100	100	100	100	100	100
100	100	100	100	100	98	98	98
100	100	100	100	100	65	65	65
100	100	100	100	100	100	100	100
100	89	88	88	88	88	88	88
100	100	100	91	91	84	83	83
100	100	100	100	100	100	100	100
100	100	100	100	100	100	100	100
100	100	100	100	100	72	72	55
100	100	100	100	55	55	55	55
100	100	100	100	100	100	95	95
100	100	100	100	100	100	100	100
100	97	97	97	97	97	97	97
100	100	100	100	100	100	100	100
100	100	100	100	96	96	96	96
100	100	100	100	100	100	100	100
100	100	100	100	100	100	100	100
100	100	100	100	100	100	100	100
100	100	100	100	99	99	99	98
100	100	100	100	100	100	100	100
100	100	100	100	100	100	100	100
100	100	100	100	100	100	99	99
100	100	100	100	100	100	100	100
100	99	99	99	99	88	88	88
100	100	100	100	100	100	100	100
100	100	100	100	100	75	75	75
100	100	100	100	67	67	67	67
100	100	100	100	100	100	100	93
100	100	100	100	100	100	100	100
100	100	100	100	100	100	100	100
100	100	100	96	95	83	83	83
100	100	100	100	100	100	100	100
100	100	100	100	100	100	100	100
100	99	99	98	98	94	94	94
100	100	100	100	100	100	100	100
100	100	100	100	100	100	82	79
100	100	100	100	100	100	97	97
100	98	98	98	98	76	76	76
100	100	100	58	58	19	18	18
100	97	96	95	88	88	82	82
100	100	100	100	100	100	100	98
100	18	15	13	11	11	11	11
100	100	100	100	100	100	100	100
100	100	100	100	100	72	72	72
100	100	100	100	100	100	100	100
100	100	100	100	100	100	100	100
100	57	55	55	32	17	17	5
100	100	100	100	21	21	21	21
100	100	100	100	99	99	99	95
100	100	100	100	100	100	99	99
100	100	100	100	57	39	38	27
100	97	97	77	77	75	57	57
100	100	100	100	100	94	94	94
100	100	100	100	40	12	12	12
100	100	100	100	100	100	100	100
100	100	100	100	100	100	48	48
100	100	100	100	32	32	32	32
100	100	100	100	100	100	100	100
100	100	100	100	100	76	76	76
100	94	93	90	90	85	85	85
100	100	100	100	100	100	100	100
100	100	100	100	100	100	70	70
100	100	100	100	100	100	100	100
100	98	98	98	98	96	96	96
100	100	100	90	89	82	82	50
100	100	100	100	100	100	82	55
100	100	100	100	100	100	100	53
100	12	4	1	1	1	1	1
100	100	100	100	100	100	100	100
100	100	100	100	100	100	100	87
100	100	100	100	100	100	100	100
100	94	83	83	80	74	74	74
100	99	99	98	98	44	44	44
100	100	100	100	25	25	25	25
100	100	100	100	100	100	95	95
100	100	99	98	98	73	28	5
100	100	100	100	100	100	44	44
100	100	100	100	100	97	97	97
100	100	100	100	100	100	84	84
100	100	100	100	100	100	100	100
100	96	96	91	91	43	43	43
100	74	73	54	46	39	39	21
100	100	100	100	100	100	100	100
100	82	79	74	74	15	15	15
100	100	100	100	100	100	100	100
100	100	100	100	100	100	100	100
100	100	100	100	100	99	52	52
100	100	100	100	100	100	100	100
100	100	100	100	46	46	46	46
100	99	99	99	99	87	87	87
100	98	98	97	97	97	96	96
100	100	100	100	100	94	87	81
100	100	100	100	100	100	82	69
100	100	100	100	100	100	100	100
100	100	99	61	61	39	12	12
100	100	100	100	100	100	100	100
100	99	99	99	99	99	99	99
100	100	100	100	100	100	99	84
100	100	99	99	78	78	78	78
100	94	88	88	18	17	17	16
100	55	11	10	10	4	4	3
100	100	100	100	100	100	100	100
100	100	100	100	100	100	9	9
100	100	100	100	100	100	100	100
100	100	100	100	100	100	100	100
100	31	29	29	29	29	17	15
100	99	96	96	96	96	96	96
100	100	100	99	99	98	98	98
100	100	100	100	100	100	100	100
100	95	95	53	26	22	11	6
100	100	100	100	100	100	100	100
100	59	41	25	25	25	9	9
100	91	34	34	34	33	33	32
100	100	100	100	100	100	100	100
100	100	100	100	100	100	99	99
100	100	100	99	99	99	99	99
100	100	100	100	100	100	100	100
100	100	100	100	100	100	40	40
100	100	100	100	100	100	100	100
100	100	100	76	76	49	47	47
100	100	100	100	100	100	100	100
100	100	100	100	42	42	42	42
100	100	100	100	100	100	97	83
100	100	100	100	100	100	100	100
100	100	100	98	98	98	98	98
100	100	100	100	100	100	100	100
100	100	100	100	100	100	100	100
100	100	100	100	100	100	100	100
100	100	100	100	100	100	100	100
100	100	100	100	100	100	100	100
100	100	100	100	100	100	100	100
100	100	100	100	88	88	88	86
100	100	100	100	100	100	100	100
100	18	16	12	9	9	9	9
100	52	6	3	3	3	3	2
100	99	99	94	53	53	31	22
100	100	100	100	100	99	99	99
100	100	100	100	100	100	100	100
100	100	100	100	91	90	61	61
100	24	21	21	17	14	6	6
100	100	100	100	100	100	96	88
100	100	100	100	100	100	100	100
100	100	100	100	75	34	34	34
100	100	100	100	100	100	100	100
100	98	98	47	47	47	47	47
100	100	100	100	100	100	100	100
100	100	100	100	65	65	65	65
100	100	98	95	91	90	49	49
100	100	100	100	100	100	100	100
100	100	100	100	100	100	99	98
100	100	100	88	88	88	88	88
100	100	100	100	57	57	57	57
100	100	100	100	100	100	100	100
100	100	100	100	100	54	54	54
100	100	100	100	100	100	100	100
100	100	100	100	100	100	100	100
100	100	100	100	100	100	100	100
100	100	100	100	100	100	99	99
100	100	100	100	100	100	100	100
100	100	100	100	100	100	67	67
100	100	100	100	100	100	100	100
100	100	100	100	100	97	97	97
100	100	100	100	100	100	44	44
100	100	100	96	96	80	80	80
100	100	100	100	100	100	100	100
100	100	100	100	100	93	91	91
100	46	36	35	10	5	5	5
100	100	100	100	100	100	100	100
100	100	100	100	100	100	100	100
100	100	100	100	100	100	100	100
100	100	100	100	100	100	100	100
100	100	100	100	100	100	100	100
100	100	86	86	86	86	86	86
100	100	100	100	100	100	100	100
100	100	100	100	100	100	100	100
100	100	100	100	100	100	99	99
100	100	100	100	100	100	100	79
100	100	100	53	53	53	53	53
100	100	100	100	100	100	99	35
100	66	40	26	18	13	5	5
100	89	84	80	80	80	78	78
100	100	100	100	100	100	100	100
100	100	100	100	100	97	89	89
100	100	100	100	62	62	62	62
100	100	100	100	100	100	100	100
100	100	100	100	100	100	100	100
100	100	100	100	100	100	100	100
100	96	86	86	74	74	74	74
100	99	99	98	98	64	64	64
100	100	100	100	100	100	100	97
100	100	100	100	100	48	48	48
100	100	100	81	81	81	81	81
100	100	100	100	100	100	100	100
100	100	100	100	100	100	51	51
100	100	100	100	100	100	100	100
100	100	100	100	87	87	87	80
100	100	100	100	100	80	80	80
100	100	100	100	100	100	100	100
100	97	95	94	76	76	68	68
100	96	96	45	45	45	45	45
100	100	100	100	58	58	58	54
100	100	100	100	100	100	94	94
100	100	100	100	99	99	99	99
100	100	100	100	100	100	100	77
100	100	100	100	100	100	100	100
100	100	100	100	100	100	100	81
100	100	100	100	100	100	100	100
100	100	100	100	100	100	62	62
100	57	56	56	14	14	11	9
100	44	30	5	5	5	5	5
100	100	100	100	100	100	38	38
100	100	100	100	100	100	100	100
100	100	86	86	86	86	85	63
100	86	72	7	7	7	3	2
100	100	100	100	100	100	100	100
100	100	100	100	98	84	84	84
100	100	100	100	100	100	100	100
100	100	100	100	100	100	100	100
100	100	100	100	100	100	100	100
100	100	100	100	100	90	90	90
100	100	100	100	100	99	99	99
100	100	100	100	100	100	89	72
100	100	100	100	100	100	100	100
100	100	100	100	100	100	100	100
100	100	100	100	100	100	100	100
100	100	100	100	100	100	98	46
100	100	100	100	93	93	93	87
100	100	100	100	100	100	100	100
100	100	100	100	100	100	100	100
100	100	100	100	100	100	100	100
100	100	100	100	100	100	100	100
100	100	100	100	100	100	100	100
100	100	100	100	100	100	100	100
100	97	96	91	43	30	30	25
100	100	100	100	100	100	100	100
100	100	100	93	93	93	93	93
100	100	100	100	100	100	100	100
100	100	100	100	100	100	100	86
100	100	100	100	100	100	83	83
100	100	100	100	100	100	89	85
100	87	87	76	76	76	64	64
100	67	51	7	7	6	3	3
100	100	100	47	27	18	18	17
100	20	17	17	17	14	10	5
100	100	100	100	100	100	100	100
100	100	100	100	100	100	100	100
100	100	100	89	82	82	29	29
100	100	100	100	100	100	100	83
100	100	100	100	100	97	53	53
100	100	100	100	100	100	100	100
100	100	100	100	100	100	81	81
100	85	84	83	71	71	71	71
100	100	100	100	100	100	100	100
100	100	100	100	96	94	94	92
100	99	72	64	64	64	64	64
100	100	100	100	100	100	100	100
100	100	100	100	100	100	100	100
100	100	100	100	100	100	100	100
100	61	61	61	59	59	44	31
100	94	65	65	49	49	49	49
100	100	100	100	100	100	100	98
100	21	21	21	16	10	8	8
100	100	100	100	59	39	39	39
100	100	100	100	100	100	100	100
100	100	100	100	100	100	56	56
100	100	100	100	100	100	100	100
100	68	68	68	68	68	68	68
100	47	35	35	3	3	2	0
100	100	100	100	100	100	100	100
100	80	43	43	13	13	12	7
100	100	100	100	100	100	100	100
100	100	100	100	100	100	100	100
100	55	36	26	26	26	26	26
100	100	100	100	100	100	53	53
100	100	100	99	99	92	92	92
100	100	100	100	100	100	100	64
100	98	98	22	22	22	22	22
100	98	96	96	96	96	96	96
100	100	100	100	100	100	93	56
100	100	100	100	100	100	100	100
100	100	100	100	99	99	99	99
100	100	100	100	100	100	100	100
100	100	100	100	83	76	39	34
100	100	100	100	100	100	100	100
100	100	100	100	100	100	100	100
100	100	100	100	100	100	100	100
100	100	100	100	100	100	100	100
100	100	100	100	100	100	100	100
100	100	100	98	98	98	98	97
100	100	100	100	100	100	100	100
100	100	100	100	100	100	55	55
100	100	100	100	100	54	54	54
100	67	65	45	45	41	11	11
100	100	100	100	84	84	84	84
100	100	100	100	100	100	100	100
100	100	100	100	100	100	100	100
100	93	38	12	12	12	12	9
100	100	100	100	100	96	96	96
100	99	76	71	69	69	69	69
100	100	100	100	100	100	100	100
100	100	100	100	100	100	54	54
100	100	100	100	100	100	100	98
100	100	100	100	100	100	86	83
100	100	100	100	100	100	100	100
100	100	100	88	87	53	53	53
100	42	19	4	4	4	3	3
100	100	100	100	100	100	100	100
100	100	100	100	100	100	84	84
100	100	100	100	27	22	21	21
100	100	100	100	100	100	100	100
100	100	100	100	100	64	54	54
100	23	23	22	20	9	9	5
100	100	100	100	100	100	100	100
100	100	100	100	100	100	99	99
100	65	24	2	2	2	2	2
100	100	100	100	100	100	100	100
100	100	100	91	91	91	91	91
100	17	8	7	7	7	7	7
100	100	100	100	100	81	81	81
100	100	100	100	100	98	98	98
100	93	81	81	81	81	81	81
100	89	57	57	57	57	57	57
100	100	100	100	100	100	93	93
100	100	100	100	100	100	100	100
100	100	100	100	100	100	100	100
100	100	100	100	99	99	99	99
100	100	100	100	100	100	100	100
100	100	100	100	99	99	99	99
100	100	100	100	100	100	100	100
100	100	100	100	100	100	100	100
100	100	100	100	100	100	100	100
100	100	100	100	99	96	92	92
100	100	100	100	100	100	69	69
100	100	100	100	100	98	98	98
100	100	100	100	100	100	100	100
100	100	100	59	59	59	55	55
100	67	39	18	18	5	1	1
100	47	26	26	26	26	9	9
100	100	100	92	92	90	90	90
100	100	100	100	100	100	100	100
100	100	100	100	100	100	100	100
100	100	100	100	100	85	74	74
100	100	100	100	100	100	100	100
100	85	84	78	78	34	25	25
100	56	37	31	8	8	8	6
100	100	100	100	100	100	100	100
100	100	96	96	80	23	12	12
100	10	8	8	8	3	3	3
100	100	100	100	95	95	95	94
100	86	26	26	26	17	17	17
100	100	100	100	100	100	100	100
100	100	100	100	100	100	100	100
100	99	99	99	99	92	92	92
100	100	100	100	100	100	100	100
100	100	100	100	100	100	100	100
100	37	19	18	14	14	14	13
100	14	14	14	13	8	7	6
100	100	100	100	91	91	91	91
100	100	100	100	100	100	100	100
100	100	100	100	100	100	100	100
100	100	100	100	100	100	100	100
100	7	5	4	2	2	2	2
100	95	95	93	38	38	21	21
100	96	96	96	96	96	78	69
100	37	31	31	17	17	15	15
100	100	100	100	100	100	88	88
100	30	29	27	27	26	26	26
100	100	100	100	100	76	76	76
100	99	99	99	99	99	99	99
100	100	100	100	100	98	98	98
100	99	98	46	46	46	46	46
100	100	100	100	100	100	45	45
100	16	16	13	13	9	8	8
100	100	100	99	98	98	98	98
100	98	98	49	49	36	36	36
100	100	100	100	100	100	42	42
100	100	100	100	100	100	100	49
100	100	100	100	100	100	100	100
100	98	97	86	86	26	26	26
100	100	100	92	92	64	64	64
100	100	100	100	100	90	75	74
100	100	100	100	100	100	100	100
100	100	100	96	96	96	96	96
100	77	69	64	26	18	18	5
100	100	100	100	100	100	100	100
100	100	100	100	100	100	100	100
100	100	100	100	100	100	100	100
100	100	100	100	100	100	100	100
100	24	10	6	6	6	6	6
100	100	100	100	100	100	100	100
100	100	100	100	100	100	99	93
100	100	100	100	52	48	40	37
100	97	88	88	88	25	13	2
100	100	100	100	100	100	100	100
100	81	78	61	42	42	42	42
100	20	20	15	13	10	10	10
100	100	100	100	100	100	84	84
100	100	100	100	100	99	99	99
100	100	100	99	99	80	80	80
100	100	100	100	100	100	88	88
100	100	100	100	100	100	100	100
100	80	62	18	18	18	18	18
100	78	70	68	67	67	67	67
100	14	8	6	1	0	0	0
100	100	99	99	99	99	69	69
100	76	50	42	42	42	42	42
100	90	90	87	87	10	10	10
100	100	100	100	99	99	99	99
100	100	100	100	100	100	89	89
100	85	62	61	27	22	7	6
100	100	100	100	100	91	73	73
100	52	52	52	52	52	52	52
100	100	100	100	99	99	94	94
100	90	90	90	90	90	90	90
100	100	100	100	100	100	100	100
100	100	100	100	100	100	100	97
100	100	100	100	100	100	100	98
100	97	86	79	79	78	77	22
100	100	99	99	99	99	99	99
100	18	17	13	13	11	10	10
100	100	100	100	100	100	100	100
100	100	100	100	100	100	100	58
100	100	100	100	92	92	61	61
100	100	100	100	100	100	100	100
100	100	100	82	82	82	65	65
100	100	100	100	100	100	100	100
100	100	100	99	99	97	97	97
100	100	100	100	88	88	88	88
100	100	100	100	100	100	100	100
100	14	14	12	11	11	11	11
100	100	100	100	100	100	100	100
100	100	100	100	100	100	100	100
100	100	100	100	100	100	100	100
100	100	100	82	82	20	16	16
100	100	100	100	100	37	37	37
100	100	100	100	97	97	97	97
100	100	100	100	100	100	100	100
100	100	100	98	97	91	91	91
100	100	100	100	100	100	97	97
100	100	100	100	100	100	100	100
100	100	100	100	100	100	57	57
100	87	87	86	86	85	85	85
100	90	90	84	83	36	36	36
100	97	96	91	73	73	73	73
100	98	98	98	89	88	88	88
100	100	100	91	68	54	54	20
100	17	17	17	15	15	15	15
100	96	90	59	58	58	58	58
100	100	100	98	98	77	77	77
100	69	69	69	69	69	69	69
100	93	91	91	91	79	65	32
100	76	76	73	73	73	73	73
100	53	34	15	15	15	7	5
100	100	100	100	100	100	100	100
100	55	46	31	30	13	13	13
100	100	100	100	100	100	100	100
100	99	57	57	57	57	57	57
100	24	3	3	3	3	2	2
100	100	100	100	100	100	100	100
100	97	97	57	43	43	43	43
100	81	70	12	12	12	12	12
100	45	45	45	45	45	42	42
100	99	99	99	63	63	63	63
100	100	100	100	100	89	78	78
100	100	100	100	100	100	100	100
100	100	92	92	92	92	92	92
100	100	100	100	100	100	100	100
100	100	100	100	100	100	100	100
100	86	86	86	86	86	44	44
100	94	89	78	78	78	45	35
100	99	99	99	99	99	67	67
100	100	100	100	100	100	100	100
100	100	100	100	100	100	100	100
100	70	69	69	69	46	37	17
100	100	100	100	100	100	100	100
100	100	100	100	88	86	86	55
100	97	97	93	73	72	72	72
100	100	83	82	56	56	56	56
100	100	100	100	100	100	100	100
100	100	100	100	100	100	100	43
100	100	100	100	100	100	100	100
100	100	100	100	100	100	100	99
100	100	100	100	100	100	100	100
100	100	100	100	100	100	50	50
100	100	100	100	100	100	100	100
100	100	100	90	90	86	86	86
100	39	38	24	24	24	21	21
100	99	99	76	40	13	13	12
100	98	98	58	57	57	57	57
100	100	100	82	82	82	82	82
100	100	100	100	100	100	100	100
100	100	99	99	99	43	43	43
100	97	97	97	97	97	97	97
100	100	100	100	43	26	25	24
100	61	61	61	44	44	44	44
100	100	100	100	13	13	13	13
100	100	100	100	56	56	56	56
100	100	100	100	100	100	100	100
100	100	100	100	100	91	91	63
100	42	42	42	42	42	40	40
100	94	94	93	93	93	92	90
100	100	100	100	100	100	100	100
100	98	98	97	76	76	73	28
100	100	100	100	100	100	75	71
100	100	100	100	62	44	23	23
100	100	100	99	49	45	42	11
100	100	100	97	69	64	64	64
100	91	91	91	91	91	91	91
100	98	98	74	74	44	44	44
100	97	56	56	14	14	14	14
100	100	100	100	78	57	32	21
100	43	31	30	30	22	22	22
100	100	100	62	62	62	62	62
100	60	60	60	60	60	24	10
100	97	91	85	85	69	57	26
100	99	99	99	99	98	98	98
100	100	100	100	100	100	100	100
100	100	100	100	100	100	100	97
100	100	100	100	100	100	98	98
100	66	65	63	63	63	63	63
100	86	86	86	27	4	3	3
100	72	68	66	66	63	63	63
100	100	100	100	100	100	99	99
100	100	100	100	100	100	100	100
100	97	95	71	62	44	44	44
100	88	84	27	27	27	27	27
100	100	100	100	100	100	100	99
100	73	71	60	60	39	39	39
100	97	57	57	53	53	53	53
100	64	64	64	64	64	64	64
100	29	24	24	24	24	24	24
100	100	100	100	99	99	99	99
100	99	99	99	99	98	92	38
100	100	100	100	100	100	100	100
100	100	100	100	100	100	100	100
100	98	81	81	81	81	81	81
100	66	66	66	66	66	66	66
100	100	100	100	100	100	100	100
100	100	99	78	30	15	8	0
100	100	100	100	100	55	15	15
100	91	89	88	51	42	28	22
100	100	100	100	100	100	100	100
100	100	100	100	100	100	81	81
100	100	100	100	77	77	77	77
100	63	63	63	54	54	51	14
100	100	100	100	45	45	45	45
100	87	86	80	79	55	48	48
100	58	58	58	58	58	58	51
100	100	100	100	100	99	75	20
100	76	76	68	37	37	8	8
100	100	100	100	100	100	100	100
100	14	9	8	3	3	3	3
100	84	58	56	41	6	6	6
100	87	85	83	83	27	23	23
100	100	100	100	100	100	100	100
100	100	100	100	98	81	37	37
100	100	99	97	17	11	5	5
100	99	99	98	63	59	30	16
100	100	100	100	100	99	99	99
100	96	96	96	96	96	96	96
100	100	100	100	100	100	87	87
100	100	100	100	100	100	100	66
100	100	100	100	100	70	70	70
100	100	100	100	100	100	100	100
100	94	94	93	93	90	68	68
100	100	100	99	99	98	98	98
100	100	100	100	100	100	100	100
100	100	100	99	99	43	43	43
100	100	100	100	100	100	100	100
